999999792
999998878
999997728
999996392
999995415
999994675
999994165
999992862
999992483
999992431
999991425
999990603
999989745
999987207
999986532
999985869
999985784
999985408
999984909
999984673
999984369
999984054
999982763
999982290
999982139
999981914
999981810
999979743
999979716
999978644
999978195
999977967
999977259
999975710
999973724
999972520
999970606
999968582
999966963
999966190
999966161
999964691
999962339
999960836
999960602
999959714
999959633
999957656
999954375
999954191
